#This file contains viewpoints for a VMD script, view_change.tcl.
#Type 'source vps_coordinate.tcl' from the VMD command window to load these viewpoints.

set viewpoints(0,0,0) { {{-0.474027 0.738366 0.479702 0} {0.879201 0.426615 0.212147 0} {-0.0480057 0.522318 -0.851399 0} {0 0 0 1}} }
 
set viewpoints(0,0,1) { {{1 0 0 -115.492} {0 1 0 -116.056} {0 0 1 -54.6035} {0 0 0 1}} }
 
set viewpoints(1,0,0) { {{0.490373 -0.548392 -0.677349 0} {0.848435 0.478067 0.227183 0} {0.199232 -0.68609 0.699706 0} {0 0 0 1}} }
 
set viewpoints(0,0,2) { {{0.0181475 0 0 0} {0 0.0181475 0 0} {0 0 0.0181475 0} {0 0 0 1}} }
 
set viewpoints(1,0,1) { {{1 0 0 -115.492} {0 1 0 -116.056} {0 0 1 -54.6035} {0 0 0 1}} }
 
set viewpoints(2,0,0) { {{-0.0389377 0.567153 -0.822692 0} {0.904415 0.370077 0.21232 0} {0.424877 -0.735788 -0.527351 0} {0 0 0 1}} }
 
set viewpoints(3,0,0) { {{-0.279711 0.897633 -0.34062 0} {0.867204 0.388453 0.311555 0} {0.411977 -0.208242 -0.887083 0} {0 0 0 1}} }
 
set viewpoints(0,0,3) { {{1 0 0 0} {0 1 0 0} {0 0 1 0} {0 0 0 1}} }
 
set viewpoints(1,0,2) { {{0.0125823 0 0 0} {0 0.0125823 0 0} {0 0 0.0125823 0} {0 0 0 1}} }
 
set viewpoints(2,0,1) { {{1 0 0 -115.492} {0 1 0 -116.056} {0 0 1 -54.6035} {0 0 0 1}} }
 
set viewpoints(4,0,0) { {{0.397282 -0.594515 -0.699093 0} {0.114049 0.787869 -0.605199 0} {0.910587 0.160702 0.380808 0} {0 0 0 1}} }
 
set viewpoints(3,0,1) { {{1 0 0 -115.492} {0 1 0 -116.056} {0 0 1 -54.6035} {0 0 0 1}} }
 
set viewpoints(1,0,3) { {{1 0 0 0} {0 1 0 0} {0 0 1 0} {0 0 0 1}} }
 
set viewpoints(2,0,2) { {{0.0125823 0 0 0} {0 0.0125823 0 0} {0 0 0.0125823 0} {0 0 0 1}} }
 
set viewpoints(4,0,1) { {{1 0 0 -115.492} {0 1 0 -116.056} {0 0 1 -54.6035} {0 0 0 1}} }
 
set viewpoints(3,0,2) { {{0.0125823 0 0 0} {0 0.0125823 0 0} {0 0 0.0125823 0} {0 0 0 1}} }
 
set viewpoints(2,0,3) { {{1 0 0 0} {0 1 0 0} {0 0 1 0} {0 0 0 1}} }
 
set viewpoints(4,0,2) { {{0.0125823 0 0 0} {0 0.0125823 0 0} {0 0 0.0125823 0} {0 0 0 1}} }
 
set viewpoints(3,0,3) { {{1 0 0 0} {0 1 0 0} {0 0 1 0} {0 0 0 1}} }
 
set viewpoints(4,0,3) { {{1 0 0 0} {0 1 0 0} {0 0 1 0} {0 0 0 1}} }
 
puts "\nLoaded viewpoints file vps_coordinate.tcl \n"

